7270
53081
5833
14145
4078
22726
55699
25666
19766
33826
61029
21991
58223
43058
39309
18640
19152
22544
35983
22319
52271
20547
38845
60559
16884
24666
51592
42413
43916
29867
56519
44441
32516
2354
39972
51889
1723
22994
55204
25238
43337
17944
22903
16551
42212
27212
4737
21481
40685
16354
35192
50128
45526
25694
57714
43117
26572
33641
10238
14656
33202
29776
49005
57429
16693
741
4208
26138
20335
32995
49357
51222
46965
31170
49008
44302
26548
42525
6832
54316
32421
2684
51367
2135
30983
49660
949
31644
45333
23737
6381
24364
35235
47789
53790
30800
24776
63144
29062
29797
55313
29752
57078
32171
39314
50538
39998
47664
3093
63030
48943
1827
32083
60055
31104
2015
36841
53602
52937
32750
17066
51424
32491
2073
1386
3500
24617
11075
44362
48382
14380
52049
43362
1325
26784
8003
59412
7883
9868
35881
39415
56081
59024
60970
54408
59049
26609
38380
864
7255
24470
52986
28975
5651
34065
10962
3419
39073
29906
15822
38826
43990
59050
26772
2261
32910
39462
50096
14499
46293
29139
22297
21315
36635
17210
229
33963
56349
20621
18887
5944
10128
18973
61709
47358
54660
34759
9078
2327
14343
13349
32156
29398
24890
5747
15801
52255
20194
17516
6712
59431
33526
53147
47757
39499
17420
35708
25343
33425
62023
27037
56523
39563
55885
16
28941
3751
26427
27335
32779
7388
16802
10911
33299
58024
63134
49525
12531
28537
40794
5938
15509
22807
49939
19971
25559
19268
30498
36310
7725
21155
11787
22580
41371
52533
5158
37473
56809
9804
35831
25539
26141
45241
59881
51428
48610
28399
20255
51708
10421
47979
50546
55755
51046
7757
42880
33581
12420
24700
36113
14653
26512
38837
25331
5946
23247
4760
8793
40336
41111
5563
5364
23814
49501
11290
13091
31529
8584
41173
60177
22443
16176
31188
39400
38217
36502
20476
38656
21624
26926
59374
52989
29388
42644
28916
32186
43904
61772
17540
6963
50534
42288
35402
10070
22686
49478
12757
51290
1449
49585
36191
41396
4341
22411
21591
18693
61621
578
59111
53443
41971
14841
40957
34849
5485
32080
60956
57781
45288
18537
2237
19405
37628
17338
24539
20968
14893
33461
1864
11500
62551
24637
35030
50219
37137
57453
13043
8478
14594
58903
20139
33464
54563
50518
52144
15188
63096
63082
12710
60608
49931
29997
18095
11069
46955
45002
26768
39240
18903
3144
48438
43586
23627
33595
21961
47471
40843
17535
60261
27525
27010
3801
58276
57468
8936
35264
52537
6788
5419
54694
43506
32547
42691
21941
2807
20874
36536
4524
51605
45758
60670
6098
19334
36151
32221
3106
31776
34085
18773
49819
34398
16470
53150
19738
46946
30061
35985
61852
4082
56709
59532
7232
50889
4939
241
48404
37883
18590
6860
44604
59480
5879
50979
53664
14864
33306
56111
30977
40141
51926
16599
48361
42781
19344
27758
56074
34365
14993
28047
34119
30953
35998
46036
9679
17220
53882
21338
21609
61471
46677
39840
46356
34024
15576
50461
48428
15742
25318
10894
23152
34670
38894
23762
50524
52281
28315
2162
5310
7350
43610
43643
30260
45439
28215
53456
12304
52886
4699
60166
60221
6290
40959
9370
6476
4997
10671
9636
47769
18904
23736
31966
17486
30160
6402
47800
6668
13444
30615
35470
31486
45387
2001
27281
57609
27366
20054
54332
1763
32501
44555
20122
46947
18214
32262
53954
22093
54744
11612
5795
58037
7807
35578
26312
28716
58170
27646
12509
36185
32890
12014
21216
43048
41291
62409
50531
56741
22369
3413
10560
36807
46944
2098
10463
30066
20088
25236
48771
13967
19125
16030
61693
9500
30448
10733
28166
53057
27694
61496
53914
33972
9748
33349
26284
62856
28174
2614
10001
26702
25786
57699
55760
32741
46000
13910
33177
35717
7297
56093
27011
60627
57881
58976
57481
11992
37665
45964
63084
21166
8820
7719
37358
61487
5042
21957
39340
38711
48466
6195
1443
58832
60026
10355
58627
49933
58226
8859
48832
10094
13869
30616
30083
3472
51623
2882
287
27623
2709
36362
50372
30072
17078
24357
26814
52983
6267
53889
7327
62322
55199
47139
44525
24687
41163
49736
29697
27399
19434
34302
59927
41050
7027
47837
32468
48977
30161
5424
54065
33192
14091
1099
1406
55336
12744
48568
39764
14980
17952
1774
32856
40646
61012
13790
27936
36443
39605
12965
53795
10076
57885
272
62811
36089
10395
10709
37315
61023
56145
12905
12687
28817
40700
15487
53385
14290
7236
42
16212
21151
54994
13577
52261
35967
25730
39701
49465
15063
11549
28669
5675
44344
30803
717
27638
15300
22985
1359
16102
25254
18587
767
41200
59783
36062
13657
9352
35746
19639
48655
59106
21200
2679
28847
37577
20559
53548
22488
62990
40342
43565
46689
32170
46334
29941
8902
37448
25800
45432
15943
51088
56823
51540
25146
31655
56561
45117
53702
90
52640
16684
29304
47608
22177
20014
22714
13007
53037
16238
6452
60265
39231
53418
23129
51610
23439
25216
3898
23913
3573
37779
35588
26446
43126
21803
43700
61314
54293
15695
24459
11714
62070
33897
1629
50529
33046
26115
23871
11093
42334
21571
46177
33928
20460
6530
35874
62053
60743
47017
20162
3923
23825
40997
55341
40263
51486
36174
57273
53246
41123
53853
1470
5473
60013
47674
35197
36641
18180
7149
14561
7578
20216
32121
577
49255
27790
17634
19237
6863
41153
33829
36837
20078
34219
58287
42966
57004
49699
51900
49884
45719
4252
5327
29328
7507
15273
55851
57158
47936
21472
52118
44273
411
30922
53957
432
3510
27230
30536
28408
23839
27091
57501
48639
47654
16937
55549
47560
53318
37853
7690
45021
12864
37722
46901
54937
5758
38771
21346
60416
37541
2726
48313
5856
8518
8730
50954
1766
441
9578
45580
3433
12758
211
46802
44496
54739
40803
36988
57408
50694
38820
48327
39761
55968
45221
29715
36973
60954
8599
55076
16018
4853
3140
46020
3228
1930
61449
24286
43292
55010
16537
47364
21
19928
43014
54859
21534
25705
55300
48228
1360
56347
4642
39437
34255
25251
25378
4698
45888
10129
56457
10710
54115
45661
28489
57250
15075
48470
36366
23087
49843
52061
61522
54434
35718
20211
12935
45452
8343
35255
20829
41740
15506
18608
27182
48173
58762
59362
11824
39258
7131
5606
41563
37251
61051
42476
35485
54731
35698
13678
35837
1920
50385
50455
55739
42694
57486
60014
30285
13244
35308
62952
61211
1797
14739
25805
21213
15220
16440
27069
42386
33102
47791
45145
35825
17237
60339
9093
39173
24192
8926
10598
31767
38727
50020
62999
4650
53672
4558
37524
3310
43667
17873
40973
54098
21484
61390
10185
10401
10407
20653
61751
52667
16523
31474
23902
11990
27875
40271
46804
12528
4092
52753
8814
42176
15883
47744
4511
31829
5738
26904
35810
32431
40261
907
52940
23537
6204
26822
11893
21024
23014
49688
41400
16512
36082
22472
4337
52210
42779
46791
57356
43493
14987
1949
9827
52123
45091
45957
31589
9608
19456
8439
55779
44452
39140
3435
23478
3712
3615
2955
62851
46005
33411
30278
23778
11055
3374
35392
57311
59488
56804
3087
30280
10067
29579
61942
40668
60856
2762
48604
35972
30626
24221
44900
14369
38177
42490
3961
62401
18503
48787
42889
58094
60925
1919
60349
50635
34000
15262
62832
25642
18930
61159
57059
57120
12206
10816
20552
60326
48081
47579
58372
8313
14595
56949
50523
31610
56623
41853
43351
901
15334
21543
56021
21850
2316
46162
25879
36533
13222
13969
24556
13818
4532
28565
57578
56439
24027
60903
42107
33493
58798
16454
30647
59984
40638
22890
44446
39360
42101
18403
47827
27270
36929
30177
40268
53569
22242
60878
33573
45845
37116
46897
19774
35938
6745
52019
4596
24932
35120
32806
34183
58321
17761
57683
45994
49297
27458
5325
45344
21036
54733
48156
53094
59680
6022
17344
53565
28383
9731
30492
24418
22065
56562
52808
47060
40545
39164
60535
2377
10023
13388
40740
22876
56101
49184
21345
30219
57241
19255
5770
50027
55721
38871
10446
2303
39210
57968
2251
30300
53186
39044
41142
6013
30920
28739
6767
22105
14129
35116
39919
60144
54009
12116
50347
59226
13722
56026
27259
57053
32213
37318
5771
60728
3077
52696
37995
52763
15448
23139
13206
42388
18632
49039
3871
1473
43752
56927
62635
22315
39255
12583
21287
6683
55329
39574
22729
51189
58366
24670
19281
26967
4798
43640
11578
54412
51909
47552
33939
29378
63075
11580
39162
56104
12729
8187
24989
9744
61758
20615
20690
53659
17948
47169
58488
29425
46604
41455
28879
2646
22782
53774
50883
23685
26276
10302
19223
8716
24718
52238
19826
60025
17628
24215
20301
18952
19523
46912
22404
61195
27094
60111
20924
44977
18613
34002
45365
54742
21725
37822
4968
7859
41710
17434
51606
24065
50542
55792
5505
42381
18465
12834
17522
30222
43591
25792
40911
35523
1302
51369
57601
24838
37962
39817
8898
36456
37490
52507
21726
12234
29897
43093
42903
61874
1621
41948
7715
28299
37789
52055
11220
694
43421
41870
38119
15305
1397
17488
44800
56046
57507
19904
5522
2529
20431
59862
41515
7936
50561
35931
62281
51191
31488
55497
17745
59583
53091
31920
31110
44206
5791
52366
49627
60490
55720
20655
21724
58422
13013
50666
8326
26004
6408
6562
41436
41167
40412
57370
59473
45322
30510
58472
61473
29963
13001
32328
24042
29255
7428
20311
2589
21033
23551
7868
45558
16558
54818
18792
34056
12917
21560
40623
63150
19028
10432
13438
54627
5503
1478
62178
7831
5607
21255
53367
56689
36746
14324
23328
57552
53360
16616
4001
28313
61935
14805
24638
31834
9733
842
14565
374
5810
25861
21073
28141
34694
4822
56277
50336
29136
46628
62541
44993
15420
37072
21967
6421
33454
57858
43375
14050
24345
54140
60999
54100
1671
37433
12064
35099
24592
48759
62058
27955
36991
62956
44776
40615
56197
12216
24072
42333
35928
23649
47053
63164
10866
13895
35650
36487
39381
52440
9597
15721
269
61685
7182
50830
39324
26799
30340
3022
54430
62359
43057
40833
30011
11479
27507
13285
56822
54881
50331
58458
26424
27280
13289
5105
28527
22362
21124
37598
7768
36060
10881
39558
7529
57800
61626
7543
48259
54779
3279
26290
41165
52552
24342
11756
6468
54498
14786
18688
30213
152
3133
11023
45289
59122
31128
49919
15923
22687
34562
11801
641
3386
29347
62790
50837
23613
33852
50725
27367
33820
54673
23885
24727
30691
37439
50670
27035
6298
38598
1344
904
12631
28297
42649
60189
46301
57147
49279
59890
57873
15967
57925
35784
13959
9391
39921
48579
56409
3259
29618
20104
44902
52919
9404
57124
36469
47714
60280
60128
34117
50070
61136
50224
573
39393
17946
29891
55335
3211
43809
13161
24842
646
61597
25697
31847
30778
36592
28375
29496
59753
39634
26936
9602
13764
15585
8571
11299
3889
13707
22424
17130
35556
2417
7983
35989
15821
49471
28886
40334
11731
63111
51270
25350
40059
22936
53068
13462
24176
18161
51333
9365
42833
20631
10339
57010
3567
31573
1304
41978
22017
40665
4753
39066
34351
46857
12494
20662
5356
44141
28164
37964
50439
31439
47830
15471
58322
17261
29671
7976
24362
35359
60947
20258
7820
51952
35978
15191
25398
61536
11298
43273
17753
27571
56645
32448
21378
25719
12699
45279
47939
34626
20414
61753
3665
5749
38312
59246
52655
30039
47719
25488
37717
44883
37276
50241
48891
30137
10440
54711
42021
42952
40444
36248
60957
56258
38137
44729
50637
33873
55618
11738
56225
13077
29444
18056
21107
60519
47296
48499
55830
17291
31038
12589
33785
51141
8829
5512
5785
445
9226
10276
20775
12813
14074
28045
6031
4487
60250
28060
9179
15111
25706
25365
45916
30162
12443
29977
22383
1670
40651
1150
7539
23664
26475
62224
1479
5080
15859
35483
49054
26593
47395
32515
11697
48111
56912
3088
18995
36480
12051
55517
6238
41037
16263
50495
21112
16906
36608
46763
46575
33245
55811
35333
40110
53476
16282
48316
54662
38344
38274
23352
29222
37481
27285
31498
45405
3059
27074
47810
59353
44074
62079
25761
26083
14760
54565
588
18948
33482
58927
41255
3477
2008
57183
1355
17200
41521
50777
23004
11896
10330
15587
19326
16955
48063
55415
10465
7738
56541
55081
9884
28628
7706
47956
15466
46980
16171
7924
8864
44308
33452
41041
25911
60427
13496
56936
2452
28510
38329
62603
57485
26820
51101
49635
40140
33551
51408
56586
42110
30229
11744
25345
39445
33379
58011
17650
45882
56542
32560
54617
13779
31373
49163
40840
15484
60383
31075
29244
25410
746
49578
42424
14958
20810
5658
53374
54285
59363
20785
6597
24984
51765
27414
17287
46643
43575
36265
62119
770
24871
7994
56690
11387
55896
62381
56859
1652
14706
47779
59492
20105
38665
24075
22051
48616
28473
34827
34443
58335
12788
43449
21142
32348
44978
52809
4970
49993
61209
29600
10874
55359
54812
21786
52485
11133
8398
30718
54883
12315
32152
27864
44705
51350
59365
38302
6353
55715
13799
35462
41419
25950
27309
9964
16404
13991
34300
32134
51955
11199
62863
43270
20246
29324
29969
62585
47165
58992
45167
24476
24320
28570
44340
57377
5464
25263
37515
53722
5073
42853
48257
59793
991
9348
55258
60099
10742
8189
19231
16108
43242
4615
59099
39317
17392
37253
44488
24589
17810
2239
40152
34246
12998
13336
22701
27976
21878
31899
2180
31963
12854
62688
29211
13506
51868
58059
11764
61903
11140
59965
23116
36911
28966
62172
32141
3164
24502
25259
30183
49621
51763
22589
37081
55719
37967
41055
48979
8889
39973
51330
35969
3137
26397
39326
8994
58938
18442
51887
62449
56341
1656
30306
40857
2312
61996
42546
44068
57681
35797
21473
37881
32844
29176
42597
59347
28355
50043
42826
15172
874
49520
49608
58219
4602
37521
55499
8334
35186
60591
10349
24620
29048
43788
22537
31407
32663
59342
55044
32110
29228
40904
33747
37723
38513
62946
27654
5968
35246
33434
27933
2401
25200
18357
60136
22438
6077
44450
12346
47226
35943
38514
27937
34704
22539
25736
12732
7731
32610
28137
19842
31409
6170
29678
37262
17585
42807
29603
13983
7074
53320
45670
17413
55668
7164
33404
57427
9876
7464
53047
1603
34569
35571
14299
26065
8143
28937
43946
62044
31783
62378
33982
37021
61343
23801
22995
33685
9394
16133
40992
9966
12019
33271
62827
3058
40774
54203
59372
20100
27760
63004
20289
59733
36575
18909
39543
1007
53234
3287
29264
12429
56260
20763
16257
11822
45690
537
43446
23015
5038
1203
12526
58900
54320
13656
49834
52810
41739
21623
25712
37354
40343
10079
41572
5113
47546
31924
21951
6380
42637
25700
29720
18388
56207
10304
38772
51063
50747
54018
60616
15646
58915
32166
47852
59920
18310
30499
5526
41995
62699
51589
51278
35637
30975
36284
416
34074
33159
23688
27578
55600
31221
50199
21099
46686
44454
49923
42177
6676
799
26192
48996
6475
14575
4635
37737
50580
46054
31886
32252
28235
22976
43461
22200
443
31027
40074
37233
42377
16209
22887
16943
32095
6955
18687
7696
27809
18131
50008
17452
31440
24314
35427
48064
31371
51356
20195
59405
56507
50768
24457
59626
51870
41339
55051
58673
43188
31387
38039
38963
47311
43340
61113
42619
24751
62991
3850
26183
40763
33480
9479
7565
16657
34935
11674
42566
27950
14556
51342
36403
54078
49193
52111
26520
61426
61186
58340
13689
29162
3917
33457
9076
53239
38892
12859
18892
50048
16045
22204
5451
3395
24826
41922
60215
47154
48026
59060
25957
39652
24170
33994
19426
33853
47958
29809
54315
2271
10802
55390
8725
56376
44002
24852
6782
10260
4215
11091
35964
60006
48875
32796
33815
28427
50746
45484
60679
29394
30815
40428
14033
44407
12038
30428
46178
45566
52036
20705
63126
3634
8620
54264
18409
33110
60872
27881
11643
50509
27040
29709
23007
54737
23626
13127
21509
49837
45907
4627
18769
36346
59403
63015
17188
28023
26951
23755
5527
29126
48478
5921
63227
13216
53087
303
11650
48931
54007
54833
1314
51284
16995
19905
10583
3474
22436
8174
5970
31861
40455
3247
40996
23720
21435
37281
42058
15477
26585
49935
58813
44673
45125
24789
51244
22832
19679
15605
50299
7664
62858
36334
54657
4793
52223
33736
17277
23891
50601
18453
58950
31457
42650
39696
56020
3451
49794
1387
32847
62752
23157
35204
12533
35200
19043
61782
50466
18102
12336
50018
59295
54389
23666
46509
39731
6183
442
53794
2048
55242
57506
49709
50579
4747
5576
19646
7046
12674
19016
49895
56128
41602
25919
26159
50989
19957
47478
47441
52240
33729
34934
41328
1959
38032
29248
61592
12134
30579
60927
20620
51750
21514
37430
20072
57607
57560
60938
59653
54219
56352
14514
13861
18261
27435
57598
11197
10510
52502
13531
1928
8546
590
38582
27590
31692
38332
40529
16359
39570
19744
6569
47514
56226
1589
61696
46682
15762
34749
2936
16264
43857
56636
32335
6040
4282
4485
36345
33932
42736
59244
6545
28098
62619
10098
49740
20201
46072
42763
6708
23525
61193
36634
10897
25101
42145
47704
45754
8034
9044
27596
11443
23661
59143
4422
61826
38763
7811
2467
22498
24953
56567
9411
7999
42005
43034
44679
28880
43430
28269
12029
11563
54592
52388
50512
37413
42408
24660
34669
4587
62215
3605
8401
63168
8798
25176
49614
55350
18000
7450
39475
51394
48126
26849
21535
47912
40418
48767
13102
24077
58674
62272
1187
46827
28513
40355
7555
62275
56735
54353
22224
52304
16998
31872
15370
15355
61250
52671
41722
25544
19004
35993
6355
19899
36810
29502
12171
15747
62143
28738
38811
50077
48062
57806
39735
47458
60247
40402
7073
15393
39323
14325
17804
57617
9378
17970
46614
16550
48252
41951
26113
15085
4399
6252
17805
15868
34607
33603
25453
19388
32957
51774
48185
11038
19843
37335
53154
23041
2077
63190
1541
18852
49586
9572
6964
38008
51022
61586
19479
61306
47530
5913
27253
54952
37830
3920
31319
57088
37567
42923
56303
9981
6083
30454
62959
60677
4749
52790
22855
58099
22356
42664
17700
801
31123
41274
63107
60289
38575
31679
54472
52293
41333
51210
19598
2901
35473
39502
13981
9586
17144
1760
34017
21754
3653
53184
57050
60051
13621
8712
39226
5986
3084
14613
3875
30509
34573
32752
12781
9441
19696
50475
6191
29345
34591
59670
22988
43365
35800
10239
49516
45860
52175
23027
33763
13297
38947
57651
5290
5645
52373
11885
59734
34440
51042
60851
42144
62211
58490
59929
5707
38915
35244
38647
48665
46908
33336
9977
15133
9097
36134
63196
35744
26929
1870
10119
15502
50893
15575
3483
32747
13596
15040
33986
18672
9682
39633
51167
60184
13386
20937
20006
11741
42492
14546
49567
58288
53095
49619
37026
12258
44284
22614
9008
19105
3045
42189
53405
11592
5219
51689
41720
21388
46048
55023
21093
44286
35194
8909
56151
41798
55586
44101
44065
23866
17483
53682
56190
36974
27568
59730
25271
42397
55412
22841
58586
28905
7527
5622
34209
45991
56339
1422
50992
11956
36595
54210
27098
8381
58399
5470
25763
29060
49724
43943
3384
39486
55241
23168
19252
41011
6852
20632
31406
17617
22037
56086
49180
14823
5457
36950
1894
29417
35346
16213
49975
1447
50103
35849
54107
12824
20972
2616
12271
46268
8269
44777
52870
62003
32039
4966
58402
27650
18623
24618
11940
23418
3981
8625
11572
48724
52606
58290
24753
57064
37184
54708
20830
28056
13317
54843
43604
867
52744
11191
8876
18964
35877
21935
32160
54394
22336
56131
2187
5437
24230
44037
3048
40345
38355
29743
41075
44453
47248
8190
46825
56365
9725
28734
26617
12274
60159
24537
6177
16638
41113
34899
42130
35598
56023
43396
19022
47834
11890
57551
27528
51176
19008
29530
45808
6724
12850
32285
18749
47411
41017
8847
18884
2760
62831
52571
4068
54300
1940
56706
4166
17149
55801
37155
36002
56067
6172
30694
27897
32874
46964
5149
34659
49606
1936
26525
22506
31848
18469
53678
16172
5838
45881
15423
17231
47752
50367
21080
62497
20169
19967
53304
15906
6979
54096
32162
26832
18201
51147
17151
40170
36342
7491
6185
33643
20909
4888
50502
34182
17953
3480
5089
9581
48130
3415
55686
55323
50719
30916
47485
12761
30142
44236
62269
29724
52636
8907
17602
12899
51674
9123
51118
52752
37451
16549
3962
52674
58858
46978
19819
43500
62200
62374
42353
4950
11507
33938
51285
7773
8366
41533
2588
1338
7824
25360
47486
50737
40796
8438
44040
4603
20034
47029
19294
22280
18708
12286
41071
47494
11118
54985
7390
43305
1793
37702
46391
5108
58839
883
45900
43551
60693
50935
24613
30741
60508
20855
14919
33255
33450
22570
3428
22486
24123
44254
43074
26770
36015
12602
61161
55814
46937
34466
5366
32154
51404
48189
38914
7799
48841
11708
20472
370
41761
34027
50712
40808
26130
16769
31788
49312
37321
23954
17697
13551
4639
32807
43953
54049
5863
38409
10342
17054
43725
19747
34106
18782
21471
54216
59023
9710
51770
53693
51433
44497
54971
60398
36808
19615
47966
23935
1798
45454
27574
7146
42170
49261
39667
7031
23192
39894
18827
30230
56296
28328
53532
13140
24653
14889
52150
20853
13329
63042
33991
36548
49753
6812
30173
46160
59419
1735
2161
50033
62128
17035
29889
46738
9887
30794
55042
27704
32679
40123
5178
60430
55764
36454
15552
3442
41747
37666
53642
40419
44167
21681
15612
20045
48122
17279
51310
52600
16453
15211
15835
19084
20640
27410
55264
22134
46183
56910
2219
30327
26919
61933
22186
10371
30721
55778
13390
29750
627
20304
12532
29650
35999
3289
57139
34206
10515
61878
23003
34118
15425
49045
38981
5693
24333
60741
44127
58615
25361
35850
61529
48971
61985
2968
24011
11200
51011
19915
52017
7085
43107
11726
24722
60293
25628
6131
32700
19713
8940
61569
54651
57634
41060
27046
38974
24851
60803
33839
39934
29687
55321
39893
12126
13158
13751
38383
62045
39976
36736
53058
23568
55606
10502
28604
61700
62201
15074
12179
42230
57547
9182
61377
39778
12410
15698
55338
57500
56406
45974
23876
13691
49866
34784
63127
3050
9128
42641
39822
55236
10732
36894
32612
11678
18136
49496
62826
45578
30255
3877
9900
37752
33535
47783
57893
17985
40818
36321
62413
40913
38664
4076
1549
21401
11799
15610
25503
793
49826
19888
42610
21359
52169
24298
62798
61760
47513
25037
38392
39708
10753
33105
13530
16756
26471
9738
57039
57092
27282
13185
16027
859
10045
32827
32486
58055
31600
18376
4923
42988
10289
28158
46892
47666
24934
39038
5841
10957
13045
49547
18014
51560
47046
40333
24456
28875
54672
16723
38138
50823
50964
34133
50386
29173
11347
51378
23908
313
9944
24012
11155
1783
56357
1024
32942
12559
38279
43241
13500
40869
6123
33154
23929
30326
23074
6574
38987
3182
37293
19310
21370
17593
6938
6348
11605
56363
30105
27551
22460
37153
50905
60795
12358
48557
24807
47186
12070
933
11037
31657
29778
7834
51397
25576
50939
9745
48168
13809
39104
25508
44775
12756
5519
7333
63252
23538
50431
43414
33333
5837
37079
37908
23138
3085
16003
12328
12492
14272
21102
24850
40947
49580
56035
41636
8212
36505
15958
35914
51444
18717
22858
32424
31037
37419
54282
11049
10471
46308
22142
36525
14651
58004
39343
38452
26996
38861
42665
5481
18066
33675
60501
30151
9761
5551
6717
56424
57583
16152
48662
61532
36166
49828
13018
11495
35248
49511
37720
56072
27785
17739
36331
24442
54845
25341
37313
5371
14018
3202
37387
21556
27057
18941
4529
61636
31052
62375
13020
53615
53965
21133
56448
2599
37094
60979
15446
26494
53346
33027
59665
28150
45684
8886
17211
60522
40738
9193
11656
8796
2647
51544
14530
19322
45579
58436
27499
53452
4206
18494
54962
22072
33141
48852
49527
31365
25885
36201
33979
548
62223
52420
32436
3959
11720
15899
79
1533
27477
46775
35725
36058
49205
18536
34618
16062
17353
16556
24510
15578
977
11754
61620
57386
12205
21727
44755
708
16416
33594
13021
8106
40257
49033
50533
23994
44007
27163
30439
30543
47612
36024
29516
24117
55052
24991
13538
12364
58597
43190
39233
50923
5260
52126
28841
26181
20901
36299
49853
19849
28456
53603
42756
42668
7925
28244
485
41309
2669
54391
1471
16544
3517
32729
52032
17987
46868
52515
23084
54423
59084
1500
28926
15284
15953
21877
50132
53792
44681
30089
17955
9186
20234
27804
37331
40028
11863
43628
20178
8982
49472
53413
21904
40526
30055
36594
885
440
25688
57674
52923
14219
52947
18209
48614
14379
21853
53347
44545
52305
36032
13456
27764
31577
59635
44388
39488
45210
56422
11361
51365
61457
58759
36404
38920
33280
52499
18174
1143
39251
49434
58545
14306
45257
40858
32651
44896
33181
31804
11552
24473
61850
9777
1753
22145
58038
14312
8636
52813
26667
43442
25408
20473
27137
1457
49682
30763
56369
55193
26376
6256
36611
25466
29744
2695
30678
802
28207
32353
11999
41195
30719
43331
53750
45445
60926
34057
8950
52
35512
42768
39982
23288
27812
45623
18673
14768
47268
47819
4953
3051
39375
57002
4278
40583
8766
3592
1333
41382
44818
37221
50090
36091
25578
50276
12644
55502
36204
33366
50708
21347
11254
52299
24131
36677
41321
28997
31045
38028
43175
25720
10005
37823
52423
30487
39949
857
40673
23012
27375
12951
4383
54569
40941
53645
10311
49991
55160
26094
58450
18450
25132
39184
18149
36050
57675
12760
7365
58008
61198
11933
54149
47566
17094
59848
52727
58341
62342
15411
40578
62509
52680
54145
45235
39857
59388
48744
13930
46556
50239
29128
20232
11362
26634
61936
58166
16990
40756
8271
62565
33910
36867
13303
48601
27272
26132
35607
6902
28528
6344
20571
33091
2998
61885
59468
47457
327
50790
2096
22984
23245
52630
62392
45215
12173
8808
58664
39645
32300
13514
11911
49760
56150
60980
18646
28883
39847
34585
62185
5767
2813
45423
2904
7822
54102
50835
9421
28612
19001
51821
52026
32388
41787
41764
23300
49824
41762
13512
20803
40655
37256
38796
39880
62287
33791
35140
19313
53163
51710
34997
51813
45083
37576
15276
6434
46640
33521
12407
49563
55942
4148
16088
1412
13933
14388
54957
17529
3090
61655
13497
57532
24285
35868
34824
37947
51236
46867
62351
23158
59
5828
49321
61217
29044
3530
51663
9899
60494
32366
6129
11478
23893
8662
17092
5697
30375
48082
10181
54853
11294
24480
37565
24839
20261
37686
2116
63145
43617
54680
10805
27998
58865
34586
46878
22109
55096
56231
40146
10571
56687
2834
34777
43858
16745
12368
42993
39643
7709
12953
55020
50854
2700
20327
57172
29343
43977
32392
43532
46918
43678
10130
4296
37986
34191
15803
21989
29847
30710
33187
54162
49049
37733
807
36318
20249
17271
12005
36076
54571
60153
37849
30799
15141
53323
47879
49793
23630
27133
55038
13603
35574
16206
51274
28958
25306
61229
56786
5961
52568
30283
59287
13847
11177
23580
4689
36399
46224
41212
38152
33831
26497
26342
55917
26248
45353
60342
37030
30831
4130
6449
30974
8502
49460
15062
7494
40462
306
24781
52006
50137
16287
36319
19455
25142
38924
12138
30520
49416
9228
32376
52536
50691
55726
29821
62756
62007
23033
11681
30631
11151
45181
44974
32251
4195
18759
2217
6861
39419
33731
61040
43091
6599
2140
24082
54384
19933
32370
24831
21566
18916
32176
60333
31882
41097
58285
52603
34328
12707
27448
32863
13831
10325
16560
58032
23042
26191
13941
8316
21617
6174
59243
63100
54105
2577
35566
60824
61627
55253
27756
22349
28025
20368
17792
31927
63244
23654
16485
54995
27314
51499
43466
34109
18080
8281
3922
59062
46441
53217
6726
45550
53887
17858
43049
16077
20479
24401
15606
28760
40744
29767
10027
1521
55609
40802
55281
44486
56244
1396
37437
57457
49789
39758
57068
8331
12167
62655
12480
23492
8291
2887
30419
17244
17355
22216
47598
43284
11145
54067
51611
61183
52466
11583
18843
39722
48214
39882
39813
62903
54914
6554
5947
52204
36739
26451
18312
43923
42547
19550
56336
57482
47712
48549
57920
7371
22655
50626
526
61915
40969
58924
377
49629
54370
35303
40357
29497
33598
39275
28697
5011
29023
37800
56881
51308
28370
35652
26055
44680
3835
22160
53175
10587
35750
61387
59041
13682
24225
1822
19222
9577
16842
22232
5025
21996
32233
47922
14598
61879
13495
34064
23959
40306
31918
535
23120
21361
54335
8050
33041
36039
5578
41956
12918
46510
24356
49607
8999
36556
30863
57764
31997
5315
17010
61890
8429
12228
58305
59263
54639
8789
47814
23601
6327
6284
24420
1231
52990
8279
48015
51661
5877
54877
50819
5976
32602
3896
23500
17777
3717
53048
61045
15456
7584
18002
40278
12577
26133
57016
21647
52303
49371
33862
9058
40088
54755
12338
41287
1795
24113
20085
47817
2792
56868
18078
33599
46113
59256
32079
39148
37519
8854
11123
14789
36211
58114
21611
14966
5949
6675
13056
56334
6100
25024
30250
15359
3565
2728
22207
21805
51691
22872
52599
23316
26182
48229
6134
2720
36180
33257
62616
45374
23095
32029
61081
5051
42511
54355
9612
45880
42790
16817
24256
47768
46942
24155
46913
53919
37019
25042
28823
21962
52085
23944
28647
32687
32502
24380
37359
7832
62195
27434
4632
21331
27203
27324
21713
11367
37948
61973
51363
45110
10549
9524
47307
40384
42269
44526
43267
4320
35730
18998
59889
9613
5932
62517
60675
14912
38173
36775
26900
6359
18058
20477
126
6262
44722
54419
4031
12202
38549
62843
43763
60118
38155
13240
48357
26952
39489
38729
54622
4554
48674
20193
12204
37411
38683
14880
11469
3626
1201
23840
51000
14621
4843
26545
23407
42056
21988
21008
32026
18774
38895
37242
43324
26198
54516
33998
33930
21584
11433
36028
46890
50894
34676
32764
22969
39446
20695
53137
45059
14701
24137
29549
39669
53354
61862
35059
54343
42477
182
30804
41466
757
23424
46755
1256
28001
6976
1616
11425
10467
57054
58376
59531
15935
57135
14930
13398
36410
14213
20270
16815
63187
41642
56124
48838
48254
4673
31857
237
54095
5218
25303
48575
34833
22598
25230
20146
21264
52996
50558
50411
41854
22509
10536
59863
56343
45628
4724
33802
43784
3790
5636
23182
43483
50457
33302
27663
48866
30440
53140
28862
40274
62846
40184
35628
61119
3426
47250
30518
37163
14235
42265
26795
57991
52613
4555
15030
45798
50294
52146
15628
20574
20819
18541
15274
61409
44638
19419
60266
13666
22971
40316
39800
57565
61008
34111
11684
53714
11371
30657
24926
4838
57097
27612
26359
60226
37691
7556
51688
56346
41829
26608
35276
737
19547
12039
60337
25782
31040
55746
8990
12535
20153
51463
30605
18070
42960
3027
23513
42675
16124
4380
40730
60800
55506
23757
37187
13648
28826
8098
46790
11030
17126
21235
21204
11366
47961
32322
53339
45976
49417
59067
57546
36583
21561
44962
3900
18404
35199
5408
47013
155
51677
44019
35098
23437
45865
11293
51399
39873
54361
49060
15573
56214
55810
1144
44045
27251
34161
38174
29206
23113
52077
26839
2021
53311
29830
41143
41517
36482
52419
29321
8337
19557
56037
46660
11429
57748
2338
51557
48246
4734
28761
30805
60883
48275
53784
9016
42734
20893
49653
11912
47459
17904
18968
45457
13200
8855
35958
58801
10686
13947
42871
12473
11857
54178
35685
48125
14087
12628
58015
24161
2524
3021
28606
50031
22963
19275
32949
58198
51470
34379
58939
48231
36741
14066
7117
4334
36378
43399
8816
20019
50732
24804
34683
13333
34079
365
60753
47525
39115
22005
53111
59105
41296
17156
46961
12771
30870
10182
30890
57888
37381
42366
46279
26742
26037
20152
6347
60814
35389
41159
19448
44531
1218
15999
8745
18288
36895
57209
58413
56793
9422
3423
24171
9192
27460
37289
57554
51091
41692
12661
16572
20145
29494
14468
4138
45126
16680
60518
54724
48408
59035
15800
7668
59346
17389
49201
13871
23311
61614
13827
20630
3737
32247
58507
16653
40575
10136
57725
40210
38154
3623
18938
14650
21730
12447
51027
32255
13571
14888
36798
2602
50600
14413
32276
40776
49611
31301
54851
35660
44786
25748
60495
42306
17161
50903
41724
6263
4544
51855
55998
47543
34725
385
27668
24645
11587
49852
5742
28040
58325
15986
24400
40663
60810
2416
11632
32246
42669
41406
35148
20129
25392
33889
7145
19972
60391
52099
6336
5846
56892
58068
46618
60380
42268
47795
14430
38650
15784
27042
58049
14815
1118
16799
63183
9601
13374
17509
5587
52654
12247
16223
23999
16832
20854
10420
12400
25596
21990
20823
59204
18087
16816
49570
55748
10296
37625
1840
58754
37885
31987
43805
32008
43980
12970
8110
5012
28223
4164
11950
9068
19039
7693
46271
20582
34825
48366
30683
32229
61344
33715
6246
14510
12200
63165
27457
20605
35842
9811
6637
38525
52167
51456
61737
23851
27927
14142
55212
28895
16689
43004
32178
14655
18528
55301
40045
36922
39694
56356
33584
52035
5217
25235
462
24391
23499
42369
43329
34378
27684
39656
2190
59788
58005
29512
3440
27675
42019
21070
21475
50130
53679
14502
46437
48486
21916
40125
17861
43244
5557
1685
42645
37498
44028
19669
32569
28687
38376
37208
5609
16649
8202
23435
61525
13936
28664
890
47696
39332
51052
9628
44411
1818
40416
57899
31135
33547
45869
35580
9815
46938
4434
37333
32983
59091
29945
37950
17865
50878
16253
55637
7987
51109
59986
4349
50483
42040
36121
27856
17269
13872
15613
37409
1595
56503
4655
39917
10449
61572
56629
36003
43887
23520
24490
48667
22774
15438
38342
26327
302
45653
8116
51161
21035
22907
42881
47505
40150
21094
29998
61578
59527
15983
7944
35115
11929
41418
20714
33870
18103
20919
23172
43833
10891
10426
4249
33514
61001
29261
43701
41350
48547
59173
23375
59603
56229
55206
11844
2513
52345
2917
41115
22127
42262
20319
1619
56837
5144
52166
59198
14732
60334
4551
35595
47428
16664
21238
11332
20566
1044
16698
47476
56325
55834
48287
16812
35951
11899
28426
60236
43599
38484
10256
25567
58358
34435
10453
7640
49558
3745
8666
38608
50266
49288
32882
16423
15435
4258
24961
53969
14274
38816
17438
124
26927
13563
45767
23644
58946
28536
39740
78
48933
53427
9694
51405
29634
56441
62560
27713
4785
21229
59321
49332
2370
28822
32695
14437
17406
54677
11009
4433
14506
3903
31330
53629
195
30338
8475
49437
54644
62718
48773
41657
62547
46950
1522
58546
16418
50343
58178
9388
35551
26485
19515
49006
38307
36347
58152
38109
10882
24369
18736
60770
12196
45910
32614
50394
51513
31647
8660
36812
50256
6367
53046
10074
56820
8130
16131
29203
21971
3888
18265
25471
23713
57199
38350
16574
23516
52550
13490
5966
59289
23432
39594
36670
32101
11743
23800
26798
45193
27554
9760
5926
51954
21279
37685
50467
61395
26190
3425
4978
44674
38146
5043
44991
32883
48848
43693
59837
4146
56224
14416
17546
23988
14258
25069
41267
62660
34709
14112
35341
45212
1025
18851
52287
43919
34434
25833
49560
58936
19595
32410
51620
436
8818
16706
19799
29563
666
46476
31906
41933
17988
41045
30779
28162
36693
25842
21540
53295
61945
44347
58211
26502
31574
29798
49227
49675
30645
57015
25252
36928
25627
1307
43402
1415
35501
49720
22579
46785
5034
25577
56144
50307
53494
47473
7866
21918
20612
19791
55244
16962
33462
21551
61071
27515
23974
42879
28034
37627
39968
36993
5355
17803
51950
50554
50346
24738
35573
41994
50233
57162
13202
57520
62813
56264
29726
43269
26395
47270
22151
26252
54284
38396
50772
45366
38893
37659
42792
59245
13039
62922
35007
39984
38309
61468
55636
37223
58164
13360
14817
61978
3707
14761
12111
9148
35315
29195
45702
34944
19048
2004
40950
6231
41974
37858
57635
18624
5584
52757
35397
32726
54247
25286
61720
12566
24725
6496
41892
7948
61672
28358
37696
60779
20584
25988
51376
62132
16636
6614
31929
52541
17897
18748
45800
35982
36978
62703
8891
30982
42976
185
217
60087
44003
50450
35794
10564
13781
1956
22844
25073
18811
23410
46486
11518
54564
48148
44192
3468
28609
13054
28420
16076
2741
1679
8348
37050
13587
2725
4509
26646
21717
39002
35043
11380
41096
7679
25829
43665
14347
53194
27947
27381
12891
1898
15330
56551
16866
53378
2571
61263
12402
24303
35808
24569
49238
31416
26610
40017
1785
49849
17973
49373
44059
52369
8887
10985
60322
3082
1244
5139
42822
45939
58066
1085
6024
22040
60839
8602
61568
45470
12751
26320
16717
15124
39212
19748
28559
33822
14444
60279
56803
36075
25961
62505
17845
53473
35819
31611
60734
33353
20850
27468
5908
6186
19311
60977
53017
25604
9229
49886
59555
41578
38265
33568
10787
16415
37123
60061
61612
26160
47309
45839
43710
11937
35381
14180
35697
13509
20260
35758
35065
39881
6731
61478
12817
21271
22866
37563
26980
30333
42672
54559
49179
56193
589
13729
46286
39356
34371
34047
26856
44761
9194
40178
31544
61713
37762
45903
57351
1581
9864
57167
36234
2302
7672
7010
8147
43934
30129
53125
118
42922
42362
2697
4954
61014
31701
8105
12883
2148
20400
43122
2555
53260
62360
37070
8030
52577
31413
36417
25582
12769
60365
10913
59636
30402
3901
14539
8124
6481
6168
1130
36649
54074
24293
3776
17560
20525
52962
59807
5829
48139
7501
55949
525
31398
39500
6779
6429
31249
22265
4849
61109
52669
54826
32082
7546
60237
48684
19052
13436
25499
26268
51820
25795
10861
43893
18844
48023
17463
5134
56034
1494
12343
47701
29930
13267
56730
4774
2972
41814
44886
26032
30248
47999
6942
1189
42441
18847
23544
20595
18400
61631
16856
55616
34129
24538
9218
30421
54572
18959
29882
253
24726
44605
5298
38887
62
3497
37459
28101
10584
42304
23262
29536
54955
33455
7637
53268
3593
5004
33960
19591
25347
5883
29499
19161
42274
10072
24196
21184
25986
46409
37286
43793
30917
9675
11871
39004
189
34890
28769
46359
7761
9420
41263
46665
25223
40204
32274
7752
13446
37392
9277
41467
4443
49681
5438
9060
32936
52470
1248
52459
30946
15900
1010
10673
62308
61237
59259
57042
55961
4393
61807
24068
16710
53238
5623
45383
21398
27041
17569
47989
29586
50366
52306
25106
5076
25963
6884
59094
42360
20549
13233
3003
93
37508
61241
25606
42609
28944
4976
55059
12789
58419
27763
9531
28277
27014
58446
22671
12317
34150
988
39550
51982
13913
22220
49243
27190
56590
27583
49632
47586
48595
49077
40033
6541
51785
17837
49322
45123
26457
31676
7235
53994
61208
16718
11717
24920
57848
17049
16685
47938
4012
9427
11626
43926
41925
2440
15996
46221
56914
45570
4169
54444
7300
58245
750
17465
15159
59425
28226
41830
21874
40132
23254
49714
60458
15038
42823
52014
55749
11769
48743
35062
6914
50776
41438
55433
19952
30660
44862
2797
52814
42834
38482
48510
45559
35176
47444
62570
62460
58257
31570
19045
32625
36563
3559
5744
47617
26603
26345
45267
9697
41647
61462
19020
51957
27497
36712
216
46276
31525
28257
15068
13897
7877
28582
16031
61265
13278
40780
24732
1913
34816
35643
2236
6519
36335
1485
9678
49812
19995
27516
48363
13768
35128
51442
24916
33139
40009
55966
53529
11234
34698
322
5193
26503
1755
7186
36237
15760
15260
6363
7786
21995
3509
10323
60406
48748
8094
32960
8233
52125
56010
23237
29401
55123
47761
47052
18986
38033
61275
41796
15430
9735
31061
4834
25014
52020
45318
9795
53920
31911
60175
59127
26791
19444
32500
24524
59627
34310
43686
5893
43393
25843
49368
17875
17561
27930
43504
32332
31866
32127
3635
15862
30281
14458
9110
52294
42434
18881
48465
48987
44121
30859
8297
51574
19476
39833
41295
40721
61182
24425
63
31575
54668
17654
54778
34455
10063
61245
7562
62052
37769
30496
2206
44445
38065
20564
19309
40727
39772
52618
24014
60421
16044
28246
22378
33108
5802
51510
2670
33546
13480
54116
52637
18480
52853
39416
56988
27409
970
62127
31960
43611
15182
26170
46951
56877
130
41509
2026
60028
41631
23837
946
38654
56770
34168
59135
5631
61618
57613
32862
60227
20748
10908
55357
15329
17146
61501
55531
24888
26143
7397
3709
4452
24489
46312
6042
37122
16806
39069
48890
38700
32310
4516
45256
32250
49666
2003
35489
3034
17155
51757
54887
32065
42731
39903
44639
18743
60969
33881
20107
42368
7677
38708
29523
34135
61504
38182
20413
3911
11153
49542
50064
51103
43339
14605
44360
6280
7608
49336
22307
35679
3131
24023
3070
39747
19055
49105
30830
36654
61608
22829
14505
61617
33387
34347
19880
9402
61466
17397
32169
41222
41283
7417
14776
6295
14005
32788
35405
16597
9664
33984
40052
36059
14587
46122
46051
35082
29288
55093
24274
18955
57823
27002
25411
53968
31970
42425
461
55599
38830
59125
61094
39790
29829
24710
59285
13545
25717
42796
18740
40905
61630
28996
36585
10031
20282
19212
31684
25065
15321
22119
55153
46578
59634
37195
48053
38548
5314
10481
60548
10730
59745
25537
25709
50006
24683
41004
21685
20732
24067
8294
13904
5249
19219
6228
49058
41345
9997
30941
32645
30168
3632
28827
53054
55703
34308
28685
699
51819
360
34560
55116
55786
19716
53258
46405
53908
49083
29049
29000
54254
3448
50552
60699
32391
53906
24398
48476
61761
39253
39892
15148
35457
1250
42325
55773
55544
25995
20198
13492
41241
9847
7598
29277
8302
8096
57688
49215
28755
36534
36384
39033
30475
23433
11105
2884
48631
10967
13756
46538
44126
35544
3508
56443
39802
54307
38114
17128
46933
53079
14641
37902
41083
44864
32355
967
58935
9905
3503
54268
38299
26386
56774
36626
6692
3643
8357
50195
53231
261
29038
31190
15519
37842
3383
30231
24833
53871
31101
4156
34706
13778
32924
2298
16727
47659
40276
21075
55688
58221
3195
33658
24302
28984
15098
35229
41034
44515
44307
61625
24184
19745
14097
38271
51924
33297
17258
57259
57117
23978
15635
39175
19138
33721
22138
24863
34526
16459
60754
8590
55887
29932
50420
30431
48920
2729
19783
12370
60771
60526
42627
39072
5959
24251
43509
1094
39948
37183
28165
13378
22836
30067
42783
17246
21721
2205
23283
40748
27657
38393
43220
29374
10743
3273
2512
7475
1590
52465
35861
15087
44107
41535
37237
37740
230
37212
595
41872
25451
46269
22773
43894
1072
50013
26652
46742
5538
26777
1134
17595
35591
50792
60499
22672
42323
17089
62629
33345
36409
25561
50029
7525
24564
5117
27153
11460
38463
59123
57883
41278
12086
52977
62041
42950
50356
45089
38491
10313
18768
563
21589
20955
16999
37300
33943
53189
21390
52969
24496
34116
12267
35872
20012
49896
9644
5280
38507
54526
22217
61810
14827
41683
62255
61705
28397
50479
35764
26383
45697
59323
6108
37180
34446
26288
22156
13567
61823
58689
6819
5878
50395
56814
57592
45392
9314
36564
40552
23395
23969
47291
44859
3534
37377
37456
34303
48857
50680
53031
17512
43846
44821
19210
26669
2618
32426
62714
5796
40460
23276
56038
54328
20264
49337
8484
31803
29822
56340
3353
48242
34662
24830
44976
37015
19027
10244
24997
62965
18806
38418
10946
22817
55127
11475
21426
11426
30595
57219
51735
27062
3588
61142
18164
33735
10925
33058
56141
44455
25657
14249
2911
559
6093
35135
23728
45258
31808
10012
31697
49236
59254
426
425
32336
43293
250
61455
40566
22827
51566
14676
13867
33872
40897
22462
23426
51836
16034
59329
1819
55840
62194
23556
26337
35916
32409
44687
838
15680
56678
56364
4664
22418
39438
48389
48554
49971
4236
57522
33767
3624
35033
33103
685
44854
8219
17756
34266
45460
58119
46314
32038
4373
8969
33465
42557
37763
41502
10696
19628
50931
528
19389
33858
50749
20613
20603
17425
11516
19303
57530
39142
55237
33392
27300
33179
6184
57907
9722
6899
60350
13832
45060
8885
7971
8372
57821
54125
52290
32495
11819
62357
11567
60855
34786
44699
14531
37130
16381
51842
27238
56864
8802
49528
45223
61318
41920
53343
44132
38836
21513
39837
8461
25041
40051
16233
52200
50285
56699
16168
10246
24641
38799
11511
3407
22360
950
57354
55973
9985
23414
57373
27786
59784
16489
5989
7710
54838
25265
1458
57461
46338
38363
17754
38298
37367
3240
59479
60542
22014
53763
49252
38556
14023
33166
51048
45369
51495
3767
54245
9185
36539
53050
3836
60703
4317
12524
19625
57569
21042
10388
54907
47512
28160
50519
20535
1761
11409
8488
42907
23388
42548
28469
17736
23676
52914
59017
48514
18837
7787
26938
62068
34489
10633
13434
19069
29007
45351
16325
45095
47351
50779
4508
54866
41348
46915
52041
20484
16625
44036
9326
19343
7329
9842
7974
31071
30138
14862
338
7852
5008
14647
42365
21182
48272
5180
46928
61887
49327
25917
52556
25060
48032
30095
16428
61756
56166
11544
1882
43380
14967
40972
21506
29666
14075
23336
32572
8634
251
2643
53193
59132
22811
33574
32215
36835
11542
36772
38046
10332
21297
19302
38648
30872
45224
25974
45833
10617
58207
14041
17131
34721
24998
40225
51466
29151
56071
50686
41138
3367
26482
47078
12259
15655
49928
29591
12213
12924
33656
46695
39202
56511
9879
18163
15376
56617
46733
47899
11528
40453
50368
26660
31943
48056
14020
7014
19457
17075
18068
51869
18237
37601
7322
10352
20463
55169
11233
51766
4552
22606
18814
45930
58548
11315
43221
20435
17017
56568
9973
29656
58214
51015
25436
18667
22346
35895
56265
28134
57786
21737
41191
53528
16978
52922
54238
55627
37000
60618
52681
27795
50046
20835
58398
5591
26413
18796
23103
12060
48084
44125
12425
3541
7702
38102
36360
38552
18535
59673
59148
62662
14803
56471
28704
62882
6945
25693
55423
45463
7290
3940
24708
17979
39498
21987
7176
30764
23464
52836
1242
1707
59854
44086
11548
7545
62958
12584
28476
32677
3114
49361
34508
61347
40804
13561
43823
20029
55481
40054
7321
24599
29939
37676
468
26157
47488
30115
31905
19277
57182
29542
21223
3750
62545
3957
8078
1611
62204
51171
21234
27482
38041
45301
35663
27614
58988
6566
22586
29281
52429
2014
39997
6992
5333
21905
15081
14391
17288
59433
31051
14726
20315
14702
12518
33699
52738
33697
52295
33459
60116
11417
19996
45261
47788
22775
791
51893
4640
59778
40275
60721
4858
49922
4324
18893
37100
21478
51519
36337
24968
57656
18990
17603
3526
25086
52005
15982
49134
35926
54415
41230
57936
43019
9533
14076
34736
55397
2241
39742
4714
41803
19271
10826
38888
7687
58771
18026
33446
41859
9329
33026
12653
12640
17676
6303
57023
27239
55675
28177
7189
4864
35542
17082
31097
47750
53888
59027
37482
29422
35854
30149
22303
14196
38557
41058
48309
49231
4935
57365
45699
46993
33142
49121
19920
51810
50293
44760
12950
55145
789
21313
48783
51032
45908
41545
62625
5732
39283
51634
63098
7991
55566
23370
54782
48559
36650
25930
45499
58739
32725
16935
38621
58753
9965
25147
19347
20530
8450
57663
38579
48045
5328
14029
9594
32206
53743
23322
51581
50957
35050
29215
12314
31314
56398
52289
19278
56006
55225
15955
21010
24717
36940
61177
53580
24525
4610
53270
12755
35659
61694
48485
8563
44204
29986
39058
35715
56697
25405
59128
54844
57133
62869
29970
3613
53732
36104
34250
28766
53823
40597
48658
61310
6296
59367
41986
12843
46859
7089
2818
6732
26127
40800
55915
19363
29522
48474
25504
43198
59918
54821
42348
3775
8390
43559
11440
38325
18805
57831
12684
44728
15741
10115
39000
25672
60687
15234
12208
4821
48395
45505
54642
2924
5016
23709
18367
52999
43354
62928
43853
8513
25909
62698
33010
30756
16732
9206
51873
55261
10390
58330
51035
27673
31578
13574
58821
53546
58564
52833
14378
4683
53840
44410
30988
18895
51653
57331
55913
22433
38685
45367
59958
7654
16677
28872
35425
19507
32808
27667
10221
25912
27913
5774
10994
43997
565
6470
21147
7626
3779
22956
42996
25781
11477
24810
47308
37361
59229
18942
53706
56981
33636
35615
12451
41499
20096
5948
62787
20696
48537
7316
26415
35770
21291
32365
61236
54825
4609
20606
6420
40812
2129
30634
44988
49506
26738
15774
54407
37169
34500
32091
25250
10143
61861
33357
31871
26041
28131
3069
19998
39132
8424
40722
14902
54166
4846
52635
18243
6729
32327
43824
10484
24301
11175
9677
49380
37197
55343
62793
54822
15269
29113
27369
44644
50162
29454
15246
35452
23912
44860
11531
60094
9259
3998
17688
26776
39174
51067
4777
27446
29096
3083
25511
42718
55355
33624
6896
27124
57835
44540
19559
44958
56106
59305
26629
36591
61103
5198
56417
38487
40765
44269
43914
19156
6643
11640
47760
9639
21597
3782
2508
2361
13503
35509
24046
13811
34967
47621
63243
47103
44906
42281
5670
1074
35965
53292
39426
30466
36694
60243
6350
61330
21358
41331
15877
23617
1721
27097
45434
40212
48017
43203
25976
60355
46999
28398
48326
15385
42549
50309
59477
53199
53173
33385
5725
19891
63031
13665
59974
56465
62454
6850
45740
34818
19538
4955
38725
5816
27969
35918
38522
9547
49600
59503
16521
16731
30264
39118
38285
8839
56105
20580
33946
12290
59933
58812
51021
11752
11156
40531
18546
27759
10801
1461
20512
60719
3
3411
44228
22601
29387
56937
29487
38740
32559
62874
62957
29725
40127
172
34253
35942
37731
53945
59934
6162
61005
5085
36491
49679
62441
25886
6695
25197
41913
40406
26666
57861
33067
18951
40605
29127
11630
25100
45372
47068
60836
27352
34635
9834
23211
2981
62830
4520
58908
19063
53508
8587
32765
23151
42636
27059
15391
47832
351
14291
21912
42572
46572
35102
26859
9015
31606
46606
44001
1089
9907
60413
54131
61733
37526
22515
12289
35851
27651
169
22583
42084
8377
4494
20180
54669
51943
40391
7646
3843
8714
4332
35136
53553
43712
37303
48019
62034
48322
46194
32990
52161
55226
54319
8911
12785
19643
7964
28918
48475
49439
53970
42234
49855
31665
5847
54908
39515
30373
59442
44361
19976
8227
57090
17938
57121
43487
12474
31083
61946
16688
34429
22348
62103
36983
61337
18146
62373
38495
10158
51963
2459
36130
53872
27634
12765
15125
24183
10885
59607
18183
28800
3269
47312
31581
49375
16481
56374
36981
15842
12805
16587
44372
62792
28765
22700
10726
21940
45379
33632
30423
49959
14600
11345
46428
16182
26095
14250
55790
10279
39484
56211
43235
36329
51187
22706
61815
412
22719
3492
54547
9082
60093
40348
55514
5405
63017
28534
29227
49827
31117
25170
59922
20278
29490
8506
12520
48459
52461
18438
31563
50400
24040
25864
32877
18788
10333
54599
52127
46355
18987
32295
46277
17575
6639
26662
31520
47640
11287
3343
20489
35879
16980
17083
49251
9177
7094
45667
36357
8718
20967
35859
55563
53577
17141
53661
4352
48301
12510
1809
32541
39548
10236
35240
6150
46619
19528
30425
58553
45596
17043
53226
4477
48140
34838
37479
43021
21115
45905
33246
4322
18799
51036
5994
31185
57999
52092
16175
43400
37892
52228
41237
14882
31565
10822
61921
12544
17199
59748
31940
37937
11680
5165
53964
14614
63254
12743
47833
27533
36226
43055
48881
16244
62568
53359
41616
36513
44241
39321
36776
47610
29912
46552
36930
30356
26329
20438
12380
19323
17605
20583
7377
24475
26289
20387
39931
28248
1313
19017
39053
4984
57787
21005
6882
32369
60524
11604
52194
10210
31228
60281
12794
458
26680
43092
32098
8142
32432
50549
56263
29483
37926
39382
38926
31766
23723
7622
17478
43214
6312
62097
34032
19962
27397
6163
188
9227
24893
52845
44645
15002
51282
19858
39451
42277
37268
16260
2470
19190
10152
14799
222
7488
42948
2223
12052
24264
10776
56965
3883
27637
59182
18324
16281
57606
36038
22137
31526
28384
57193
51680
47606
41876
451
30434
8209
32280
11968
44406
38722
36056
50899
33405
44585
26511
32137
17467
37973
17789
34947
41489
51941
9869
19226
23088
31659
13111
34951
28334
4081
62243
51084
33498
51235
9883
12114
42814
28193
37981
51651
54461
56966
53658
1844
11172
29539
11434
29233
30056
20353
15437
60863
62984
22023
21183
52003
2629
54053
45185
6624
60372
16607
53415
9340
45055
27683
28970
28993
44814
27336
61654
44915
57849
16845
41961
24472
56560
7024
5818
59302
69
38878
22813
56515
20633
59655
4595
49289
34262
61901
44975
16344
1536
61130
602
54948
32819
35476
28889
60097
61454
11207
30554
9366
10847
29827
4778
3094
4631
11510
20262
3831
50059
38846
56098
49098
1506
12471
45352
60631
57019
58986
9130
539
51717
33911
38605
43566
18770
52941
14833
32800
47489
42480
9203
2343
1778
22499
36800
62387
15713
46228
48606
15288
55943
50785
28053
54152
42936
45122
53830
5755
8873
41566
46063
44766
62613
62985
45979
58222
53075
13634
13789
32074
22434
22344
40049
40332
18731
50973
46907
39427
60710
24884
55470
18504
47267
9105
23872
5699
48704
55575
41788
44443
63167
3809
42342
11436
24743
18445
26165
10206
44752
33189
27131
41991
14089
24813
31015
39623
41174
48368
11637
25043
36368
41804
31263
30094
20649
17093
46600
15394
17547
24827
23272
5639
5344
22547
47104
28445
25541
50354
36258
38162
22942
1097
55207
35700
41188
29990
546
9089
4775
29039
2300
26858
11106
39629
45891
5980
40512
47921
4694
48615
7514
20390
51797
17864
1330
25399
3262
6192
27291
26559
59930
42501
56338
27606
56650
2921
8734
19354
37910
21043
55991
43589
53851
40557
42294
31428
25298
60095
21096
57616
5570
20294
21004
51267
34390
56208
45080
47032
61349
41282
1817
24146
57519
21917
29524
18343
61367
13694
42179
60478
6515
13949
7483
38093
121
37414
21083
50151
26454
23747
42873
45564
37806
5540
16250
50743
32696
15547
31917
61135
13824
57143
26222
38724
4668
19188
34319
61711
26682
46339
20537
4941
6871
59801
24227
46136
25452
62408
17419
25778
56397
1560
16049
26219
48884
16397
53518
45179
48679
33583
26888
57327
55523
55016
39583
3290
11849
21439
45090
36804
7386
13136
57341
32204
12643
33818
10308
3333
42443
48127
24809
35417
43772
14837
55574
56576
53912
59525
7942
1937
51507
52399
29745
38792
13114
8589
38877
27661
30485
30825
11314
50246
25785
53733
7271
39553
8029
28776
35011
61786
1871
23447
49531
28119
6736
2962
6919
36251
60131
45334
32540
55696
49858
24682
20958
14159
2803
3288
11116
53481
3370
16503
25267
50071
19106
33605
14648
46419
25526
35187
62976
9325
35906
25328
59453
28099
12999
56711
56528
28076
22073
10783
46492
63049
6218
5283
33403
18296
24085
32311
32343
23870
53893
10374
27437
16319
42862
48410
58550
21788
61084
13848
58206
51044
43281
14503
57186
25865
11904
49372
6967
28308
4240
13487
59001
60489
27517
30990
32464
22808
13838
37808
7625
14170
31584
21756
30054
7900
3648
59855
35526
16768
6727
54757
39152
46012
2184
49176
18428
61954
52117
56508
49719
58231
32974
16543
1084
54406
47860
12665
55385
1238
18198
38625
16190
47555
23947
41751
22983
8123
44810
15584
24561
13632
36057
51989
14974
59931
10264
39520
22534
35239
59209
8897
18530
23887
29658
15625
31800
31937
32454
45349
13231
5307
49246
56679
12072
47063
9654
12555
14854
8258
51885
12294
50919
12362
32383
60182
11262
49303
15759
3150
40013
13037
60829
11463
21824
34689
26295
54720
23018
15301
15869
37152
4625
7166
40477
23920
16144
25143
12441
11138
58244
55079
39102
1298
24103
58605
55793
44257
46996
1199
33934
17992
18838
3604
62395
22920
27398
34408
12900
5287
24247
10928
23768
24244
33828
25650
14480
53432
42947
59892
9550
49791
43291
17600
46471
30926
62689
9616
40518
58758
38091
39767
46080
6385
14899
24249
52964
25009
15838
59632
14230
59147
58778
56725
27175
9880
53935
37904
44926
236
39874
43385
16472
61463
51010
7243
6308
27965
50153
3652
59749
32172
5387
44979
23118
16086
57729
5794
11665
43256
41985
81
47724
4728
59277
35437
41750
51762
3346
4889
862
5153
62209
56922
36053
17643
8863
49241
26716
26107
31663
7197
17352
44911
48061
20698
40373
6649
55474
24212
43884
8998
34066
5927
43718
44565
4851
58581
19428
19762
4310
35924
17462
53815
42275
2859
33504
30436
17703
54455
19594
37556
19688
48170
55620
10344
51025
40880
11547
40299
13382
52792
49135
13687
46988
36297
54190
29212
39674
47012
56148
21366
56354
32354
19312
44701
42797
17455
57405
56839
42944
58893
13217
24628
10998
47062
36684
10224
18965
34925
41093
43042
27096
51994
16836
62656
22584
40865
1675
38965
19914
110
32474
41236
15860
5686
56776
49335
19464
29682
200
11792
3793
30018
113
62936
6877
26145
51453
19114
60808
8215
5943
49286
51561
35968
3360
27720
46448
51911
58997
52682
14996
30513
50571
44418
11240
53462
45769
25348
17839
5731
7862
33545
23037
62640
32873
12470
50956
42085
41410
52280
48737
32316
49156
15116
44164
50987
34215
1009
51251
28095
18701
45444
27855
51716
31735
4044
28972
19796
46399
53721
35052
19058
29665
8359
29921
20016
7057
1185
31959
1322
30113
35010
32342
12496
22703
47005
51451
33093
8603
19626
36213
59228
47596
13384
31250
58277
4279
20651
58598
23623
26287
5676
32591
9269
30135
4557
11797
2849
10672
41218
52978
52912
33052
57191
58609
23939
18069
8338
2068
16236
44995
20504
47720
58844
13826
4168
34137
53387
25605
41132
34422
60027
31132
24928
5998
42616
36822
38029
28439
55138
29130
60790
47545
32755
36229
15711
2482
46226
46418
34793
30004
58239
43457
57741
48901
52450
41207
40091
13404
60539
61796
48241
34990
27181
44031
33617
19705
21085
4754
54151
59803
40325
45549
47423
36690
620
16968
61227
3997
45639
23890
35711
51856
52547
37833
6605
59186
56926
57951
2548
18334
51293
4588
46535
35110
18041
48640
36438
48923
4167
41022
13081
35655
47200
28555
46324
30126
41959
51422
62021
53230
35891
60387
36688
51172
62506
7727
38420
13626
34929
23240
40493
8669
61697
27980
4333
61269
31278
21141
50072
37118
54638
55730
14550
62183
29861
30730
10895
16292
40323
31550
19205
21538
23899
18148
58151
11686
39853
27255
6111
24059
53340
5279
26723
50088
9960
44187
43636
60813
6761
11920
52976
8213
23274
54963
31618
12214
35599
53886
27852
24316
39065
44909
43528
40478
54944
16671
46596
52874
35524
24904
52725
23016
40628
43590
31717
56669
53842
20518
37655
49669
45384
49118
31469
9265
32909
53257
53426
13857
52374
20882
11949
5035
18360
11412
54367
54351
58991
51359
49540
26823
56596
35269
10577
39868
15375
3115
28447
37071
62112
18390
23970
14960
31604
47035
1148
958
41146
62658
6063
56348
22769
24907
42902
30444
21610
8261
267
34582
50858
59953
25458
54736
25554
56461
7568
37656
55911
54120
5799
11995
10522
11561
55177
14727
35451
3278
29099
21980
28556
40318
34366
10322
14474
61811
61477
5571
62048
61470
44890
59373
38840
58742
60990
12706
59015
33769
46092
34963
55555
4213
46284
45993
34851
44304
10863
39673
39916
29132
54738
55770
53998
14106
49455
61740
43829
11621
21149
2656
59572
30887
11296
13630
5289
60258
42093
36281
23020
47945
23886
11746
9704
60271
41479
9372
56619
26152
61342
42298
15560
37400
24737
15675
35227
37463
18802
28744
27113
51325
4895
60461
25615
44964
53029
46692
31777
13878
22965
60425
3379
54836
1127
1780
24310
2023
45695
32005
21604
14608
35237
54676
41670
59409
49217
32597
1255
25569
9425
40022
55561
11420
61060
22952
54175
59185
1375
20322
34412
23533
3511
22860
33761
55276
11281
43201
17457
29358
14217
31258
42314
26889
63088
20804
6278
37918
56908
26218
27401
60213
57696
3506
47587
21831
24507
32825
39179
9230
44168
29103
42585
21744
33746
6642
14466
59020
51402
4463
8352
8301
36541
423
52863
26385
15436
34441
13453
3714
52704
35085
19573
14999
32131
10457
44951
20687
15749
9975
45521
55404
15310
48976
39097
31232
17298
55012
24656
52966
11712
30935
59459
30451
8075
45035
25762
25877
38043
2431
29159
687
33217
36870
11805
32529
58607
29118
3796
47176
62134
59973
31397
28640
62435
27081
13274
6202
51600
56941
53208
60264
20719
54567
54987
53623
57246
5235
11115
59994
18036
501
45789
58962
6888
23699
37512
5618
8311
18435
55562
41302
7857
26575
32414
54092
10616
62825
15989
41797
4234
60586
27789
36753
57380
52524
19173
45849
4182
22628
37160
23197
24644
17934
48136
46335
53883
29966
40878
50186
15358
53559
55615
7355
41916
13271
60330
23680
42550
18368
25477
5189
1660
16844
46812
3568
49576
32676
8249
32394
11947
11740
54094
4733
5350
35796
53255
11264
20824
52334
37378
61801
37777
49485
39883
12971
31282
42203
16042
31590
9646
21450
32138
18670
26526
29714
11318
15475
18502
42222
24254
48369
12746
21908
18911
44016
56621
55223
37764
57582
50237
19959
20575
37971
12239
47933
60989
8408
59713
5199
19601
56130
17201
56222
37391
21694
2979
3254
54222
34481
41706
1622
20112
44000
51609
33720
334
42714
55717
7170
3020
60393
45491
39359
59687
32239
62289
3073
2446
37542
41005
50847
11775
56031
19632
14796
18593
62208
53563
34221
53336
22372
26928
43116
57910
5026
15049
57216
62166
13508
10565
24882
60110
56483
40272
46443
15108
44861
51879
51591
21577
29356
2120
29090
49914
1068
15017
48543
49655
24671
59313
23940
4584
40505
12081
14287
61239
14173
56538
47604
25935
17132
41875
58846
55971
62010
9126
44139
37611
24245
33393
36055
46770
8727
23220
57502
2996
37051
52033
51019
61141
6370
48620
62878
10857
9284
36602
48929
33772
36529
44208
18270
52208
42770
27536
27403
35757
7609
47374
52843
59190
8617
28011
10150
50468
31500
3152
16501
6921
27202
6399
16099
57963
31445
51902
36676
8862
5018
6410
16464
29348
65
40285
45000
61690
28258
4556
30516
60816
38680
55899
36011
14887
20868
20641
38257
54980
48005
56121
58722
10041
57440
23996
58006
34053
52321
41678
46885
29303
42724
36643
26311
42047
5115
43668
23860
33749
35416
54085
31642
57375
31812
45676
6833
58357
49817
19382
38503
6531
39590
32790
11601
42245
2954
20977
8375
415
20617
20287
23758
15631
8520
45911
34147
40766
44292
2568
49622
29164
17587
5672
56983
55965
6484
3348
24964
27771
28811
25520
55921
54764
14198
2774
17221
6824
14449
32620
26043
11969
60853
28014
8160
11795
50065
50604
26101
7004
27498
24701
22585
58500
4684
5876
314
47805
44561
31444
43841
18710
34679
41738
44334
47356
18444
55861
46344
61080
37976
56816
14860
8421
14204
5394
32078
53590
31068
6089
44041
57904
1448
16181
31043
12915
53070
41731
41196
4120
60504
52407
40158
8363
43230
24900
24109
60285
52072
24222
58928
10964
59963
17307
28405
19375
15197
50846
863
14939
35304
17019
14781
51100
11393
33388
10972
21811
15714
60409
59657
30473
43899
34078
15064
44791
20397
34235
9399
40772
17751
59621
3628
54928
21794
14451
41269
52230
23339
1174
18031
40564
18677
33727
23514
44931
19342
56813
1609
33029
20614
52110
54629
45764
45822
13507
6740
6375
47901
44596
28181
46410
53961
6881
61168
53634
18419
11256
54834
701
53348
36167
45672
58795
20191
31472
1743
59326
51979
62866
1462
43429
9689
23419
14895
6701
34885
36716
12546
42704
31143
31501
11753
27935
43503
43245
38750
8943
1752
55529
39380
24295
16251
46043
14460
59905
45144
46702
19051
12595
37173
52133
19012
46866
39622
32133
59180
48454
11079
58851
48798
53264
3245
46029
46481
22191
15032
25723
52982
10225
6053
19902
42707
17530
23989
521
12592
21146
61434
1908
43013
46144
14721
23540
17922
1425
51995
57334
2373
24954
48337
38199
34906
45568
17046
60283
54863
51901
8210
61078
55558
6069
51828
50292
61938
23987
5616
23659
24798
30090
61304
28849
1090
18342
23023
42242
22046
27775
53417
60638
25081
55708
18540
16437
15805
16904
53631
19649
8298
1104
32785
29500
1708
4500
24736
29907
58675
36612
59397
20266
12734
17968
35482
56569
18153
26582
707
57438
36177
11564
47146
26664
61982
26178
18333
60704
26206
51134
48407
15546
62808
57450
16219
10809
36426
29158
47614
27377
23639
63174
37743
63131
40650
38248
34703
33883
53422
15556
45522
2263
22892
1846
35265
14452
52332
18865
27885
59249
58144
7399
2204
25372
29877
9806
56603
40032
29430
51153
5168
5934
44434
25556
7102
58547
62967
24511
32096
18020
52545
47283
30559
29111
47392
3786
39580
56900
29636
8834
48097
55201
23841
32896
61076
16813
38808
58847
3869
25078
21924
18253
10791
55494
27180
33668
53278
30437
43546
2286
52051
28010
58797
14709
62548
43465
57205
3670
59558
31949
38612
48418
48375
13750
5953
38263
5459
5550
10611
13169
54128
18583
35672
15656
41353
8790
57411
36787
36300
20609
38984
16783
42372
53933
42051
56290
5554
38856
24500
3104
27986
52666
17511
27970
297
19214
41231
55820
56177
51929
13887
21998
25089
60053
22882
45894
4845
18352
3550
43807
44568
50707
40327
13148
5533
20007
15378
27904
29703
20254
17106
30529
49780
58343
27288
10013
22318
28086
48879
26567
28208
29323
45074
30956
6733
34136
27051
52102
11232
50155
13855
34756
25683
28275
12121
34867
11860
52249
14223
57116
40220
29341
40736
59457
10540
46501
19542
16899
47261
40363
8527
62806
20826
4725
43419
18361
33352
1464
57192
7067
2063
38815
31597
3267
56532
24715
35657
41581
38013
32759
47422
25207
12947
43649
15449
3236
35724
41206
59595
43225
23745
11289
54741
10452
35558
6493
44439
26125
44076
980
57945
44282
38691
7610
35049
8958
34244
23719
22212
57935
39055
7278
24905
38057
8117
42844
3444
39137
1082
29976
38559
50148
26293
3919
54189
52811
51791
32536
46056
54114
60768
19532
2587
41989
7823
58175
42539
46060
36905
41063
30610
57378
62017
40359
13737
5205
875
7636
9471
3740
12414
2580
22558
53601
57063
24958
62035
25823
20228
33421
44078
19250
22853
37761
16658
53910
40838
33380
29003
41447
30389
33085
40237
5299
32878
4321
56828
5365
13613
1987
27901
46453
29309
26615
2491
57838
12668
32843
33809
2350
38992
9958
34015
11267
40511
17304
48440
56800
37834
8724
25319
36958
49883
2384
47903
60908
36483
28785
15933
14900
812
51186
26304
17962
20550
36131
56734
56133
57972
43543
21765
42588
33707
5840
7379
36969
56748
39370
62596
47161
14394
53880
58913
59380
29648
20710
14088
59278
55395
29754
29373
35541
59215
7500
13641
48269
29110
41149
34742
16315
41080
51904
3582
59777
15887
59836
31389
8968
7806
50000
34991
40056
30899
15162
39267
32024
27247
54421
61537
17963
21983
19215
4055
27179
5383
2868
42661
36599
2113
57196
27957
48161
18922
6179
33378
22148
49954
19768
35290
22041
57557
9381
28457
28322
39654
35453
31653
8345
20362
23622
40446
42335
17466
5768
21412
50984
24074
19866
46075
30984
61054
56985
53492
35803
18944
43869
27417
20487
38968
61939
49226
53547
57030
43753
57149
27521
27899
51131
33382
28324
24371
52526
6771
331
23964
32087
56388
50836
3359
24714
675
38179
18395
26298
23046
27750
41543
24611
44462
39125
5695
29165
15920
25154
41564
4572
35935
51030
6016
38080
41158
43774
63028
20437
57637
5349
40733
48118
45242
44866
31073
41360
18406
17939
19158
13640
49601
46779
28728
52472
30254
17057
41589
40982
15117
48107
26431
4295
52817
24930
57728
29352
9563
16375
2745
48900
58461
22445
27655
21641
1769
57640
5063
10661
28775
1883
29075
31613
2626
44567
6622
39023
49381
53395
57986
44511
10685
2767
36963
43330
58799
34658
60246
47463
49623
53228
41181
50432
11259
56728
33684
43431
39675
26458
8572
18983
48924
30724
33786
32701
45877
39611
37277
50058
4688
41866
23726
46235
35498
52362
52231
14875
14769
61790
37388
37213
3270
62962
30802
43338
59609
44916
48520
42310
2357
25905
55243
18023
13569
12809
35331
54051
36535
50297
26343
4561
34286
48845
49452
59599
54784
49323
853
62907
25153
43287
23109
25613
52835
16672
49272
26883
47562
59153
17888
62126
61918
48201
63076
14736
30409
3418
42755
21575
26075
51960
60220
13637
17491
20511
25971
6825
11275
63209
20189
48345
51917
14897
15244
30641
2248
19095
24747
60949
36823
62090
11958
19102
37953
17767
59695
46408
36473
53019
54383
53723
34553
32304
25828
59835
39339
42540
29273
8100
15896
25799
3814
2013
43937
15665
53043
25872
34043
61180
2067
57490
51438
42762
60516
14342
18040
33648
59083
27144
19287
45952
43512
38632
3460
20111
47803
17826
15772
28067
40547
40679
49056
44648
26771
40785
60645
49071
40163
22048
41445
20259
44422
44947
7228
58193
19386
35251
51576
55644
934
9518
4705
37680
23145
52257
33738
28846
47300
22031
61403
36292
34856
21567
24404
48969
13605
7855
60104
24305
15773
15221
58138
29705
54476
22015
41894
8056
28074
25179
36392
16545
11236
1563
36997
62315
6601
45755
12278
18079
7344
21382
59490
54344
54117
31471
38982
34845
49639
10489
41106
6187
48473
40781
30360
53419
61604
33018
17656
12102
1107
13235
54684
32525
18718
5248
35623
24390
55249
51346
25116
31750
41900
61490
60443
47692
26346
50643
48077
6929
46863
46589
13401
40102
59593
63141
19955
47854
20607
19394
13668
45216
6032
23488
3943
15970
62796
57948
36138
8842
16379
42276
54020
25968
41082
31862
61015
34063
10410
56003
14633
16240
40622
14814
5835
7267
38780
31844
2925
21194
25571
57638
48766
51580
24426
48985
9143
45486
15102
62024
51487
17387
1948
20851
40104
3701
42799
36989
10880
35986
57886
43571
18176
47845
28369
8019
18113
44667
866
50473
61445
39216
32447
6287
62056
16811
42412
39803
26977
28887
51658
21654
38886
19493
46116
3705
4910
3885
15990
43947
36629
16669
37389
37252
56688
46004
34587
10100
46504
55626
8899
60321
32298
49972
22954
61340
4681
4884
15685
36290
8482
26296
48947
62687
36449
17297
32034
10336
19627
3979
44704
26698
28949
46022
25813
22306
34678
53552
58265
35325
39521
26728
27028
21825
13580
24096
36090
7214
38343
1193
58650
19217
63215
40397
19736
31291
22822
3068
17937
31395
3866
17618
53216
18576
58121
25045
2637
20952
37794
5852
759
1245
6349
16299
13441
17913
11144
19857
61043
41972
47531
23998
31368
22692
16254
58755
59042
47232
25242
31118
32999
46597
24022
30572
26274
19805
17088
4490
2742
8631
44898
17421
27687
22735
18326
1495
20900
59435
58157
19895
48277
29267
7614
40861
54808
60479
34314
24140
22974
40543
13024
27874
3685
45168
34287
4956
11981
21965
32037
20174
27541
31238
39812
30449
13277
47808
34125
14983
28071
57396
52109
22722
48495
30190
60794
19283
42244
38391
4026
18548
45320
48186
5634
4519
42812
20667
53585
26941
12570
38643
18857
42937
55850
20881
27406
40816
55500
47069
23097
52217
4916
45710
32868
8017
36209
39016
17129
46850
55963
63178
26717
48010
45323
1691
49330
42173
7367
45136
52585
16008
5391
2801
43390
27601
28050
45262
26921
61385
2830
46637
17639
11266
39434
3112
13121
17358
19681
62437
37514
41808
42420
41946
36844
18055
12753
36842
4962
58698
44796
45247
57144
34575
27222
58361
50320
10551
40769
633
7416
61219
47365
57151
12784
1607
19321
3808
45137
54309
12740
59860
52361
63052
49792
22471
8259
8726
41465
13761
57949
42095
28710
41051
3029
5428
50539
28198
54717
16914
13144
44607
21882
26059
8995
47829
12759
36925
42601
39824
35022
50458
14155
50685
8917
18461
3081
42139
27712
4619
23953
25714
23474
47929
7511
13375
2823
13350
26111
58086
31120
9593
22003
46959
56685
36920
36834
12237
12093
1896
22961
7652
9946
51107
49094
44412
58794
30479
24815
3937
33783
30505
45614
5721
24437
55229
3229
52312
56125
45061
49082
23716
24394
24134
8845
3475
34522
30315
13858
33737
7438
61479
19935
51830
61321
60601
44852
11368
35027
53350
49744
15596
29436
38593
25993
57954
6316
27496
24045
1463
22953
14547
28347
10217
10838
27895
15100
60742
52447
1334
63125
51712
33248
35748
60552
2397
11774
62196
34971
21914
20434
10061
35209
11346
39755
35684
50339
63171
57360
3316
48644
53715
34724
56201
5150
49624
14507
27586
26118
45594
33072
57900
22002
3026
28318
62474
28632
902
23844
33690
43827
12083
35461
15308
14238
18057
61210
35508
27941
54366
60978
22850
31432
53904
40860
12629
30574
31476
14059
1975
5536
7789
17681
47220
43761
26356
31003
41091
60994
18746
32918
7943
22529
23446
43890
58980
54118
5103
13205
44970
4436
60674
18988
30495
19508
11803
20644
41493
26259
24734
408
5409
28481
57805
49328
43409
49159
3727
2499
54317
47439
48741
41785
25229
861
21215
54213
45665
52779
33970
36434
19660
49869
29276
37470
55345
30919
23678
44698
30370
58189
33428
38208
43017
13132
37811
9456
33195
40175
53875
32123
9232
48203
51771
40386
48342
56162
24552
44659
45999
30259
18138
56184
36786
24454
48944
49267
9698
39805
4104
30494
56387
27530
60635
20190
26249
58877
62100
17749
34524
59909
57395
21108
17281
6486
6742
7247
17196
44088
61488
41320
39752
16969
35226
16569
9151
34561
16570
4605
62246
41551
1183
48123
8975
29823
61714
23934
49309
31376
7133
47011
52887
34493
28684
6181
4086
57589
31237
3054
43202
28969
6741
37131
49305
16942
36854
23855
34404
52805
62368
45413
4594
28931
49491
28781
4011
55923
48415
31921
14401
29168
20066
31274
23798
33030
2290
8763
46855
17686
3902
31996
59275
61728
569
31549
16821
4731
30768
46639
22767
2501
5363
2101
37768
26558
57154
167
10157
39394
14848
28309
15732
40067
20992
21929
16368
19789
48643
30674
57624
31907
48953
16522
4677
8984
53982
25551
49609
25776
52007
19279
42001
27887
50260
23219
21774
62167
54938
22947
2174
27962
60129
18529
47926
13189
34243
18221
49573
3235
49797
16880
2200
20037
33075
37476
7576
5258
53435
22629
56675
40699
40829
49458
52679
46237
40877
9818
1876
35330
50129
19676
15894
44610
49095
12045
23599
46739
16194
47445
63224
15368
20669
32778
21780
194
3669
47304
58898
43519
21643
22323
33751
38259
49290
10259
53526
47298
25462
19115
9908
6700
39423
38362
15995
25521
51951
14795
55995
26459
27365
50392
1689
52588
46024
2144
50906
48341
46250
35019
56618
50426
44935
1427
10032
28698
44374
16529
36184
4032
27971
14406
30877
59710
33490
54393
23861
46839
325
33244
47094
13326
6180
49544
46311
41024
31433
24969
61831
47141
41229
11976
35068
62008
22587
12232
30915
29878
3686
1046
15380
6219
12981
61328
19071
18934
46655
22386
45899
19484
42603
26020
21454
59251
34115
3668
33375
47257
35564
58894
49885
45265
37572
27303
49025
38219
14904
57267
62094
48589
24662
52741
46605
30772
17386
47994
47675
23143
16777
13065
62000
41397
62314
15728
20447
52936
57299
29448
48243
6747
27727
31069
12253
11809
61378
49721
34763
61067
47333
15702
8665
57137
25681
41010
7927
5054
15177
57123
3774
32466
29335
55990
46910
24392
15349
51973
29365
2284
50277
45902
32817
54244
2146
3862
49334
43769
3118
21977
9841
3884
33762
55004
44274
1273
20896
55238
15985
55445
12667
9606
62069
4844
5711
19329
52237
55865
49447
35693
36013
58283
22133
22607
54801
31367
39080
31727
49206
58552
31041
3819
59130
43759
532
20691
15812
17741
502
33198
7772
10384
23248
57567
38497
15171
31993
37008
56692
16912
47400
20117
32607
37530
34766
18491
42765
60567
54021
8466
29655
825
61767
56505
40883
39105
27218
13108
39244
35362
9470
30811
4869
42607
53115
6851
37931
57261
60390
46257
29364
55475
11634
3308
24114
10691
4943
58237
59311
34664
3410
27207
5146
13315
18447
12001
22296
28464
15065
26561
18475
24350
11617
22043
24297
26875
1585
51898
52086
54303
36724
10991
28096
37559
11655
17085
55569
48412
39295
38996
47663
4329
1287
19179
17240
28362
36550
51268
50972
29995
10715
16014
62626
2337
12252
54532
28404
43534
46329
31928
17623
11481
56361
34152
4957
4149
47635
23633
21772
3008
38191
47669
26893
19707
61273
52758
39532
9189
6081
5630
1253
12909
63211
4547
37117
28801
28824
56232
56767
16195
35280
9477
42305
4089
38190
37569
5194
42418
30441
865
15817
59701
58374
56888
44111
25583
42699
22070
59941
1734
33694
32783
37075
30524
10807
18301
28247
13450
20585
20887
25932
4170
55384
4396
42846
23858
13003
56502
31277
17037
4268
14361
27886
49365
38494
54136
55777
50907
37914
49962
12500
44375
10064
62993
45524
51302
5478
25211
52799
39046
35215
12186
46754
33285
54291
3295
31744
56895
43437
25474
2526
45790
33328
50739
62873
6435
52605
50874
49249
56782
15902
20373
61495
12008
8235
62254
40563
59225
1658
42532
48050
34834
52358
55030
9395
7005
40193
41660
54796
46537
4376
32599
58378
23450
38697
19654
17782
7330
14329
9670
30629
35642
22958
61123
43745
46118
57852
8353
47150
52259
50178
41392
48218
7532
60155
56624
36846
25386
23804
9580
62383
50963
21091
40038
9911
59825
4713
8293
11652
35925
15357
56865
31884
5964
51183
57555
5311
44762
6903
48950
48645
40528
27940
18283
1530
55845
12164
37797
42419
46019
25519
27964
16026
43550
34898
4773
29379
26496
24081
23291
35886
40653
26452
28303
5230
59698
1349
19865
56169
52692
6809
32271
45617
60607
6122
41823
48588
15185
34896
62864
36880
59569
3985
59946
18816
21306
26444
42491
44490
25047
615
11028
1724
5890
19373
9459
47528
13876
57518
29256
8162
19600
13223
54192
54674
45783
23942
25035
49966
33924
28601
43470
18897
6918
50934
12048
25824
54458
3455
12311
41525
5559
24543
34270
24024
45913
46645
9634
61323
7114
48509
11103
46588
25631
47889
53170
38224
27232
18420
6665
59037
28865
1227
23471
31374
23389
60084
18765
60397
1715
29826
63108
60929
54270
36625
13940
18285
24127
38616
52037
41633
38953
56584
21862
21820
3811
51537
52750
42680
57791
13128
36424
50556
25299
22533
8276
62015
63226
24061
28254
5678
41560
26751
5123
36100
25297
17095
59498
35249
32946
37436
21129
29429
31088
31315
9532
51129
40867
19806
57658
32361
15408
5432
33655
38944
10687
957
39599
36049
42243
31594
19772
52187
42564
25550
48411
18137
42561
47848
32386
36759
59499
12633
43802
49556
35754
54819
49068
60331
37523
36143
41513
21137
14006
31624
8742
45042
60503
17506
6309
43387
53458
57275
58663
32657
58919
56295
37796
23983
20521
18963
429
35990
55061
51949
12057
13615
7688
18272
10700
10252
9624
18919
57912
1945
7266
63158
23838
8849
5629
6846
38667
27905
31260
44349
13908
32932
13219
63245
45399
13523
36793
38206
17969
40249
26835
32382
26464
62013
36288
4880
34580
4111
42059
27117
48648
31952
32337
3189
26565
49484
23314
14627
24788
8557
27095
14850
2730
55673
9889
48728
34084
53687
54754
53294
63218
48719
19186
21634
619
52624
4994
6984
55823
45801
57310
12184
753
32428
32904
40916
16824
8342
18240
57316
1915
48196
52192
13338
15123
56173
56009
20469
57740
59166
37635
50318
23553
61865
7794
43881
4468
20949
43456
43444
59642
62929
34791
14455
55492
48917
46457
28530
43425
45402
15097
29026
43641
44288
36457
26964
50359
49726
23289
35250
35479
47438
13547
51511
10585
36967
2130
21508
3356
10
51746
58255
58031
43382
43252
3062
18991
50926
49029
1731
3044
61575
6950
62829
28453
18914
9902
26197
5138
30385
18735
60371
986
24492
21590
44984
47340
31160
48968
28713
35344
43053
9300
61017
29692
8953
28319
8165
3039
49777
31741
28869
27532
29280
36980
59149
58199
35921
23452
4014
23147
8682
61244
59847
3315
11278
13777
14330
3691
4467
6603
47041
60300
17683
50434
16387
10576
12107
21225
39552
23691
10983
46275
50682
12198
14629
21580
22267
3824
38450
36271
2558
49398
51583
41929
27984
27973
7644
14192
59512
59834
13686
7962
8060
40684
33950
32427
8222
23706
9449
41239
55985
32399
55289
17048
23924
60620
56373
34086
58067
27439